0 0 0 0 0 0 0 0 871600 0 0 0 0 0 0
0 0 0 0 731721 0 0 0 0 0 0 0 652492 0 0
0 0 0 0 0 0 247118 607015 0 0 0 0 0 0 0
0 0 0 0 0 0 0 0 0 749676 379046 0 0 0 0
0 731721 0 0 0 754981 0 0 0 0 0 0 0 0 0
0 0 0 0 754981 0 0 0 0 0 0 744990 0 0 0
0 0 247118 0 0 0 0 0 0 0 0 0 0 0 0
0 0 607015 0 0 0 0 0 0 0 0 0 0 490888 0
871600 0 0 0 0 0 0 0 0 882841 0 0 0 0 0
0 0 0 749676 0 0 0 0 882841 0 0 0 0 0 0
0 0 0 379046 0 0 0 0 0 0 0 958447 0 0 0
0 0 0 0 0 744990 0 0 0 0 958447 0 0 0 0
0 652492 0 0 0 0 0 0 0 0 0 0 0 0 38494
0 0 0 0 0 0 0 490888 0 0 0 0 0 0 120486
0 0 0 0 0 0 0 0 0 0 0 0 38494 120486 0
